Easy

2 1 0
2 0 1
1 2 1
6
5
3

1 1 0
2 2 0
1 1 2
7
5
4

2 1 2
0 1 1
2 1 0
8
6
5

1 2 0
2 2 1
1 0 1
7
6
5

0 2 1
1 2 2
0 1 2
6
5
4

2 1 1
1 2 2
1 2 0
12
10
8

1 0 1
2 2 2
1 2 1
11
10
9

1 1 3
0 2 1
2 3 3
5
4
3

2 3 0
2 1 2
1 1 3
9
8
6

3 1 0
2 3 2
3 2 1
12
10
8

2 1 1
2 3 2
1 3 0
13
11
9

2 3 3
1 1 1
3 0 2
12
11
9

1 1 2
3 2 1
2 0 3
12
10
9

1 3 2
3 1 1
0 2 1
13
12
10

2 2 1
2 0 3
1 3 3
12
10
9

3 2 1
3 1 2
1 2 0
10
9
7

3 3 0
2 1 1
3 2 3
11
10
8

1 3 1
2 1 2
3 0 3
15
11
9

3 1 1
2 3 2
1 3 0
13
12
10

1 2 1 2
1 0 2 4
0 4 4 3
3 0 3 4
11
10
9

0 2 3 0
2 0 2 3
0 1 3 1
1 2 1 3
13
11
9

0 2 3 0
2 0 0 3
1 2 3 1
2 1 1 3
12
10
8

1 2 3 0
1 2 3 0
1 2 3 0
2 3 1 0
13
11
9

3 0 3 2
0 2 3 3
1 1 2 0
2 1 0 1
14
12
10

0 0 0 0
3 2 1 2
1 1 2 1
2 3 3 3
12
11
10

1 0 2 2 
1 2 1 3
1 2 0 3
3 3 0 0
9
7
6

3 3 4 4
3 1 0 1
2 0 3 0
2 4 1 2
10
9
8

1 2 4 4
0 3 3 3
1 0 2 4
1 2 3 0
11
10
9

2 2 3 1
3 2 0 0
3 1 0 0
1 1 3 2
12
10
8

1 1 2 1
3 3 1 3
2 2 0 2
0 0 3 0
12
11
10

3 1 0 0
2 1 3 2
0 3 1 2
4 4 3 4
13
12
10

0 0 3 4
2 1 3 4
2 2 0 1
1 0 4 3
10
9
8

1 4 3 2
1 0 0 2
3 0 0 4
3 2 1 4
10
9
8

2 1 3 4
2 2 3 4
0 0 1 4
3 0 1 1
10
9
7

2 2 1 0
4 2 0 3
0 2 3 3
4 1 4 1
14
12
10

1 0 1 3
2 2 2 4
1 0 0 4
3 4 0 3
15
12
10

1 1 0 3
4 1 0 3
3 2 1 4
2 2 0 4
11
9
7

1 2 3 4
4 3 2 1
0 0 0 0
1 2 3 4
14
12
11

1 1 2 0
4 4 3 0
3 3 1 0
2 2 4 0
13
9
8

Normal

1 1 0 2
4 2 3 2
4 1 4 2
4 3 3 3
12
10
8

0 1 3 0
1 4 2 3
2 3 1 4
0 2 4 0
38
31
24

1 0 2 2
1 4 3 2
4 1 2 3
4 4 0 3
11
9
8

4 1 2 3
4 0 3 4
1 2 0 3
4 1 2 3
13
11
10

4 2 4 2
3 4 2 3
1 3 2 0
1 0 1 0
14
12
10

1 2 0 0
1 3 4 3
0 2 4 4
1 2 3 1
14
12
11

2 0 2 0
4 4 3 0
4 1 1 3
1 3 3 2
11
9
7

2 2 1 3
2 0 0 4
1 0 0 4
3 4 1 3
12
10
9

0 3 2 1
4 2 3 4
1 0 0 2
2 3 1 4
20
10
9

0 2 4 4
0 2 4 2
0 3 1 3
1 1 4 3
14
12
10

3 0 4 0
1 3 2 4
1 3 4 3
0 2 1 2
14
13
11

1 2 3 1
3 0 0 3
0 4 1 4
2 2 4 3
15
13
11

2 3 4 4
1 0 2 3
0 4 4 1
3 2 1 0
15
14
12

4 2 0 1
2 3 2 3
0 4 4 1
3 2 1 0
16
14
12

1 2 2 0
3 1 1 4
4 0 1 4
2 0 3 3
14
12
10

0 4 3 0
3 4 0 3
1 1 4 1
2 3 2 2
12
10
9

3 1 0 0
2 1 3 2
0 3 1 2
4 4 3 4
13
12
10

3 3 4 4
3 1 0 1
2 0 3 0
2 4 1 2
12
10
9

3 3 2 2
1 4 3 1
4 0 0 1
3 4 0 2
14
12
11

3 0 1 4
3 4 0 2
1 4 3 1
3 2 2 0
12
10
9

Hard

0 4 1 1 0
0 2 1 2 0
0 2 1 2 0
0 1 1 4 0
0 0 0 0 0
11
10
9

0 4 1 1 0
0 2 1 2 0
0 2 1 2 0
0 1 1 4 0
0 0 0 2 0
12
11
10

1 3 1 4 0
1 1 0 4 4
2 2 0 3 3
2 4 2 3 0
0 0 0 0 0
12
11
10

1 1 2 0 2
0 4 0 1 2
1 3 2 2 3
0 4 3 0 4
0 0 3 0 4
13
12
11

4 4 0 4 0
1 0 2 0 1
4 3 1 2 4
3 1 2 3 0
0 3 0 0 2
41
31
26

2 4 3 4 0
1 4 2 3 1
4 3 1 2 4
3 1 2 3 4
0 3 4 4 2
41
31
26

2 4 3 4 0
1 4 2 3 1
4 3 1 2 4
3 1 2 3 4
0 3 4 4 2
41
31
26

